2
   -0.3392    0.0428   -0.0045    0.0018


    0.2250    0.2981    0.3990    0.2307


4
   -0.2203   -0.0140   -0.0016    0.0022


    0.2370    0.3089    0.3587    0.1886


8
   -0.1433   -0.0256   -0.0088    0.0055


    0.2226    0.3055    0.3110    0.1505


16
   -0.0841   -0.0341    0.0037    0.0109


    0.2025    0.2924    0.2668    0.1123


32
   -0.0455   -0.0079    0.0145    0.0094


    0.1753    0.2623    0.2189    0.0779


64
   -0.0240   -0.0088    0.0250    0.0076


    0.1431    0.2262    0.1590    0.0457


128
   -0.0028    0.0104    0.0199    0.0039


    0.1045    0.1815    0.1207    0.0292


256
   -0.0010   -0.0191    0.0108    0.0043


    0.0740    0.1582    0.0756    0.0203


512
    0.0030   -0.0036    0.0074    0.0023


    0.0509    0.1285    0.0530    0.0141


1024
    0.0002   -0.0042    0.0019    0.0011


    0.0336    0.0960    0.0326    0.0101


2048
    0.0003    0.0021    0.0015    0.0003


    0.0230    0.0716    0.0228    0.0071


4096
   -0.0001    0.0008    0.0011    0.0003


    0.0172    0.0512    0.0158    0.0047


8192
   1.0e-03 *

    0.4638   -0.3756    0.1771    0.1805


    0.0112    0.0358    0.0107    0.0033


16384
   -0.0001   -0.0022   -0.0015   -0.0001


    0.0078    0.0262    0.0070    0.0025


32768
   1.0e-03 *

   -0.3474    0.8111    0.1922    0.0616


    0.0055    0.0168    0.0049    0.0016


65536
   -0.0006   -0.0013   -0.0003    0.0002


    0.0040    0.0134    0.0033    0.0011


131072
   1.0e-03 *

   -0.0711   -0.5213   -0.2481   -0.0179


    0.0027    0.0091    0.0031    0.0008


262144
   1.0e-03 *

   -0.0237    0.3838   -0.0857   -0.0236


    0.0020    0.0062    0.0020    0.0005


524288
   1.0e-04 *

   -0.9913   -0.1082    0.8530    0.2436


    0.0015    0.0045    0.0014    0.0004


1048576
   1.0e-03 *

   -0.1467    0.2540   -0.0546    0.0059


    0.0010    0.0030    0.0010    0.0003


2097152
   1.0e-03 *

   -0.0190    0.1423   -0.0401   -0.0226


    0.0007    0.0020    0.0007    0.0002


1000 1000 0.000000 0.400000 0.140000 0.050000
   1.0e-03 *

   -0.0199         0    0.0746    0.1044


    0.0160         0    0.0071    0.0055


1000 1000 0.010000 0.400000 0.140000 0.050000
   1.0e-03 *

    0.1990   -0.1230   -0.0084   -0.0016


    0.0160    0.0041    0.0072    0.0059


1000 1000 0.020000 0.400000 0.140000 0.050000
   1.0e-03 *

   -0.4863    0.0338    0.1299   -0.1468


    0.0170    0.0048    0.0077    0.0058


1000 1000 0.030000 0.400000 0.140000 0.050000
   1.0e-03 *

    0.4820   -0.3465    0.1325    0.1084


    0.0168    0.0055    0.0077    0.0060


1000 1000 0.040000 0.400000 0.140000 0.050000
   1.0e-04 *

   -0.9612   -0.9224    0.6703   -0.8840


    0.0172    0.0063    0.0078    0.0061


1000 1000 0.050000 0.400000 0.140000 0.050000
   1.0e-03 *

    0.2605    0.2406   -0.4676   -0.3479


    0.0168    0.0065    0.0081    0.0060


1000 1000 0.060000 0.400000 0.140000 0.050000
   1.0e-03 *

    0.2196    0.2773   -0.2182   -0.0714


    0.0172    0.0070    0.0084    0.0060


1000 1000 0.070000 0.400000 0.140000 0.050000
   1.0e-03 *

    0.0573   -0.2216    0.0205   -0.0569


    0.0173    0.0075    0.0088    0.0063


1000 1000 0.080000 0.400000 0.140000 0.050000
   1.0e-03 *

    0.1467    0.1661   -0.2736    0.1717


    0.0169    0.0077    0.0087    0.0061


1000 1000 0.090000 0.400000 0.140000 0.050000
   1.0e-03 *

    0.8243   -0.1517    0.4198    0.1852


    0.0182    0.0079    0.0095    0.0063


1000 1000 0.100000 0.400000 0.140000 0.050000
   1.0e-03 *

   -0.5260    0.1549   -0.0047   -0.1730


    0.0181    0.0086    0.0092    0.0064


1000 1000 0.110000 0.400000 0.140000 0.050000
   1.0e-03 *

   -0.3850   -0.3623    0.5022   -0.2959


    0.0185    0.0087    0.0093    0.0059


1000 1000 0.120000 0.400000 0.140000 0.050000
    0.0018   -0.0008   -0.0007    0.0001


    0.0169    0.0090    0.0093    0.0060


1000 1000 0.130000 0.400000 0.140000 0.050000
   1.0e-03 *

    0.0787   -0.4636    0.4524   -0.1756


    0.0181    0.0092    0.0098    0.0063


1000 1000 0.140000 0.400000 0.140000 0.050000
   1.0e-03 *

    0.5354   -0.1498   -0.1975    0.2619


    0.0178    0.0097    0.0102    0.0061


1000 1000 0.150000 0.400000 0.140000 0.050000
   1.0e-03 *

    0.0760    0.1427   -0.2296    0.1452


    0.0188    0.0100    0.0101    0.0062


1000 1000 0.160000 0.400000 0.140000 0.050000
   1.0e-03 *

   -0.3068   -0.5923    0.1386   -0.2315


    0.0187    0.0099    0.0103    0.0060


1000 1000 0.170000 0.400000 0.140000 0.050000
   1.0e-03 *

    0.5544   -0.2977    0.2662    0.2074


    0.0187    0.0105    0.0106    0.0062


1000 1000 0.180000 0.400000 0.140000 0.050000
   -0.0011    0.0002   -0.0002   -0.0003


    0.0193    0.0107    0.0107    0.0061


1000 1000 0.190000 0.400000 0.140000 0.050000
   1.0e-03 *

   -0.2936    0.3119   -0.1807   -0.0693


    0.0178    0.0109    0.0107    0.0059


1000 1000 0.200000 0.400000 0.140000 0.050000
   1.0e-03 *

    0.9138    0.4482   -0.0808    0.0359


    0.0189    0.0113    0.0118    0.0061


1000 1000 0.210000 0.400000 0.140000 0.050000
   1.0e-03 *

    0.9325    0.0279    0.0029    0.0604


    0.0189    0.0114    0.0112    0.0059


1000 1000 0.220000 0.400000 0.140000 0.050000
   1.0e-03 *

    0.7296    0.0962   -0.5152    0.2121


    0.0182    0.0116    0.0118    0.0061


1000 1000 0.230000 0.400000 0.140000 0.050000
   1.0e-03 *

   -0.4376   -0.4940   -0.1760   -0.1456


    0.0186    0.0118    0.0119    0.0059


1000 1000 0.240000 0.400000 0.140000 0.050000
   1.0e-03 *

    0.5840    0.3389   -0.4926    0.3256


    0.0187    0.0123    0.0125    0.0059


1000 1000 0.250000 0.400000 0.140000 0.050000
    0.0012    0.0002   -0.0002    0.0002


    0.0182    0.0130    0.0127    0.0056


1000 1000 0.260000 0.400000 0.140000 0.050000
   1.0e-03 *

   -0.8623    0.4924    0.4047   -0.1190


    0.0193    0.0127    0.0130    0.0060


1000 1000 0.270000 0.400000 0.140000 0.050000
   1.0e-03 *

   -0.1230   -0.4561   -0.1931   -0.1375


    0.0189    0.0130    0.0132    0.0058


1000 1000 0.280000 0.400000 0.140000 0.050000
   1.0e-03 *

   -0.2540    0.2602    0.5940   -0.3057


    0.0187    0.0138    0.0131    0.0056


1000 1000 0.290000 0.400000 0.140000 0.050000
    0.0009    0.0011   -0.0002   -0.0003


    0.0190    0.0133    0.0141    0.0057


1000 1000 0.300000 0.400000 0.140000 0.050000
   1.0e-03 *

   -0.4268    0.9687    0.1344    0.3729


    0.0201    0.0134    0.0140    0.0058


1000 1000 0.310000 0.400000 0.140000 0.050000
    0.0014   -0.0005    0.0007   -0.0001


    0.0198    0.0137    0.0141    0.0059


1000 1000 0.320000 0.400000 0.140000 0.050000
   1.0e-03 *

    0.3025    0.8940    0.2405    0.0574


    0.0200    0.0144    0.0147    0.0059


1000 1000 0.330000 0.400000 0.140000 0.050000
   -0.0005    0.0010    0.0002   -0.0002


    0.0197    0.0146    0.0149    0.0057


1000 1000 0.340000 0.400000 0.140000 0.050000
   1.0e-03 *

   -0.3235    0.3201   -0.4731   -0.2362


    0.0191    0.0145    0.0148    0.0055


1000 1000 0.350000 0.400000 0.140000 0.050000
   1.0e-03 *

   -0.0298    0.6261   -0.2452    0.0682


    0.0201    0.0147    0.0161    0.0056


1000 1000 0.360000 0.400000 0.140000 0.050000
   1.0e-03 *

    0.0842    0.1574   -0.4021   -0.0727


    0.0204    0.0153    0.0160    0.0056


1000 1000 0.370000 0.400000 0.140000 0.050000
   1.0e-03 *

   -0.3312   -0.2461    0.6303   -0.1074


    0.0204    0.0152    0.0160    0.0054


1000 1000 0.380000 0.400000 0.140000 0.050000
    0.0012   -0.0001   -0.0006   -0.0002


    0.0209    0.0159    0.0167    0.0053


1000 1000 0.390000 0.400000 0.140000 0.050000
   1.0e-03 *

   -0.0773   -0.0667   -0.0555   -0.1627


    0.0208    0.0162    0.0168    0.0054


1000 1000 0.400000 0.400000 0.140000 0.050000
   1.0e-03 *

    0.4871    0.9028    0.0194   -0.1152


    0.0209    0.0160    0.0169    0.0053


1000 1000 0.410000 0.400000 0.140000 0.050000
   1.0e-03 *

   -0.7543   -0.3322    0.1351    0.0050


    0.0203    0.0159    0.0175    0.0050


1000 1000 0.420000 0.400000 0.140000 0.050000
   1.0e-03 *

    0.7357   -0.5772   -0.1103    0.1094


    0.0212    0.0164    0.0180    0.0055


1000 1000 0.430000 0.400000 0.140000 0.050000
   1.0e-03 *

   -0.3606   -0.0263    0.7136   -0.2326


    0.0212    0.0167    0.0183    0.0051


1000 1000 0.440000 0.400000 0.140000 0.050000
   1.0e-03 *

    0.0960   -0.3523    0.6405   -0.4810


    0.0219    0.0168    0.0193    0.0054


1000 1000 0.450000 0.400000 0.140000 0.050000
   -0.0010    0.0012   -0.0000   -0.0001


    0.0216    0.0171    0.0189    0.0051


1000 1000 0.460000 0.400000 0.140000 0.050000
   -0.0007    0.0003    0.0012    0.0001


    0.0221    0.0175    0.0203    0.0053


1000 1000 0.470000 0.400000 0.140000 0.050000
   -0.0014    0.0005    0.0007   -0.0000


    0.0223    0.0181    0.0208    0.0052


1000 1000 0.480000 0.400000 0.140000 0.050000
   1.0e-03 *

   -0.6246   -0.2179   -0.1022   -0.1047


    0.0227    0.0180    0.0204    0.0052


1000 1000 0.490000 0.400000 0.140000 0.050000
   1.0e-03 *

    0.2944    0.7650    0.7805    0.0784


    0.0228    0.0183    0.0222    0.0051


1000 1000 0.500000 0.400000 0.140000 0.050000
   1.0e-03 *

   -0.7449    0.1726    0.1766   -0.1490


    0.0239    0.0190    0.0222    0.0051


1000 1000 0.510000 0.400000 0.140000 0.050000
    0.0009    0.0010   -0.0007    0.0000


    0.0220    0.0183    0.0222    0.0050


1000 1000 0.520000 0.400000 0.140000 0.050000
   1.0e-03 *

    0.5417   -0.5463   -0.3718   -0.1969


    0.0238    0.0182    0.0233    0.0051


1000 1000 0.530000 0.400000 0.140000 0.050000
   1.0e-03 *

    0.3472    0.6059   -0.2917    0.0178


    0.0227    0.0184    0.0238    0.0049


1000 1000 0.540000 0.400000 0.140000 0.050000
   1.0e-03 *

   -0.2520    0.7879   -0.1231   -0.2437


    0.0237    0.0193    0.0230    0.0052


1000 1000 0.550000 0.400000 0.140000 0.050000
    0.0008    0.0007   -0.0014    0.0001


    0.0239    0.0194    0.0251    0.0049


1000 1000 0.560000 0.400000 0.140000 0.050000
   1.0e-03 *

   -0.5883   -0.1239    0.7375   -0.0967


    0.0254    0.0187    0.0260    0.0051


1000 1000 0.570000 0.400000 0.140000 0.050000
   -0.0011    0.0003    0.0002   -0.0002


    0.0254    0.0188    0.0262    0.0048


1000 1000 0.580000 0.400000 0.140000 0.050000
   -0.0011   -0.0005    0.0005   -0.0000


    0.0252    0.0195    0.0269    0.0049


1000 1000 0.590000 0.400000 0.140000 0.050000
   -0.0007    0.0017   -0.0009    0.0000


    0.0259    0.0200    0.0276    0.0048


1000 1000 0.600000 0.400000 0.140000 0.050000
   -0.0023   -0.0005    0.0015   -0.0002


    0.0263    0.0203    0.0284    0.0051


1000 1000 0.610000 0.400000 0.140000 0.050000
   -0.0017    0.0003   -0.0010   -0.0002


    0.0266    0.0194    0.0290    0.0049


1000 1000 0.620000 0.400000 0.140000 0.050000
   -0.0006    0.0014   -0.0009   -0.0000


    0.0268    0.0199    0.0293    0.0048


1000 1000 0.630000 0.400000 0.140000 0.050000
   -0.0000    0.0004   -0.0010    0.0000


    0.0280    0.0201    0.0302    0.0049


1000 1000 0.640000 0.400000 0.140000 0.050000
    0.0004    0.0011   -0.0007    0.0001


    0.0288    0.0204    0.0307    0.0049


1000 1000 0.650000 0.400000 0.140000 0.050000
   -0.0013    0.0002    0.0006    0.0001


    0.0294    0.0208    0.0330    0.0047


1000 1000 0.660000 0.400000 0.140000 0.050000
   -0.0010    0.0004   -0.0004   -0.0002


    0.0297    0.0201    0.0329    0.0045


1000 1000 0.670000 0.400000 0.140000 0.050000
   1.0e-03 *

   -0.7056    0.8475    0.8926   -0.0550


    0.0298    0.0213    0.0342    0.0047


1000 1000 0.680000 0.400000 0.140000 0.050000
    0.0011    0.0015   -0.0019   -0.0000


    0.0311    0.0206    0.0363    0.0045


1000 1000 0.690000 0.400000 0.140000 0.050000
   1.0e-03 *

   -0.5939    0.2437    0.2899   -0.1093


    0.0299    0.0216    0.0359    0.0044


1000 1000 0.700000 0.400000 0.140000 0.050000
   1.0e-03 *

   -0.6742    0.1993   -0.8549    0.0067


    0.0328    0.0212    0.0378    0.0046


1000 1000 0.710000 0.400000 0.140000 0.050000
   -0.0020    0.0007    0.0000    0.0000


    0.0325    0.0219    0.0391    0.0047


1000 1000 0.720000 0.400000 0.140000 0.050000
   -0.0013    0.0001   -0.0016    0.0000


    0.0328    0.0213    0.0389    0.0047


1000 1000 0.730000 0.400000 0.140000 0.050000
   -0.0006   -0.0002   -0.0013   -0.0002


    0.0346    0.0198    0.0409    0.0047


1000 1000 0.740000 0.400000 0.140000 0.050000
   -0.0019    0.0007   -0.0008    0.0001


    0.0351    0.0204    0.0428    0.0046


1000 1000 0.750000 0.400000 0.140000 0.050000
   -0.0033    0.0007    0.0009   -0.0002


    0.0357    0.0220    0.0443    0.0045


1000 1000 0.760000 0.400000 0.140000 0.050000
    0.0009    0.0019   -0.0049    0.0002


    0.0364    0.0213    0.0436    0.0043


1000 1000 0.770000 0.400000 0.140000 0.050000
   -0.0005   -0.0003   -0.0022   -0.0001


    0.0376    0.0212    0.0457    0.0044


1000 1000 0.780000 0.400000 0.140000 0.050000
   -0.0040    0.0000    0.0023   -0.0001


    0.0399    0.0209    0.0481    0.0044


1000 1000 0.790000 0.400000 0.140000 0.050000
   -0.0009    0.0003   -0.0013   -0.0002


    0.0401    0.0216    0.0494    0.0044


1000 1000 0.800000 0.400000 0.140000 0.050000
   -0.0010   -0.0004   -0.0010    0.0001


    0.0399    0.0210    0.0507    0.0044


1000 1000 0.810000 0.400000 0.140000 0.050000
    0.0003    0.0012   -0.0044    0.0002


    0.0427    0.0214    0.0537    0.0042


1000 1000 0.820000 0.400000 0.140000 0.050000
   -0.0014   -0.0004   -0.0014   -0.0000


    0.0419    0.0202    0.0535    0.0043


1000 1000 0.830000 0.400000 0.140000 0.050000
   -0.0025    0.0005    0.0006   -0.0001


    0.0450    0.0202    0.0557    0.0042


1000 1000 0.840000 0.400000 0.140000 0.050000
   -0.0026    0.0006   -0.0011   -0.0002


    0.0466    0.0206    0.0583    0.0042


1000 1000 0.850000 0.400000 0.140000 0.050000
   -0.0033    0.0000   -0.0005   -0.0003


    0.0480    0.0199    0.0587    0.0043


1000 1000 0.860000 0.400000 0.140000 0.050000
   -0.0012    0.0002   -0.0033    0.0001


    0.0472    0.0202    0.0601    0.0042


1000 1000 0.870000 0.400000 0.140000 0.050000
   -0.0041   -0.0001    0.0004   -0.0002


    0.0494    0.0196    0.0624    0.0042


1000 1000 0.880000 0.400000 0.140000 0.050000
   -0.0033   -0.0003    0.0002    0.0001


    0.0512    0.0195    0.0634    0.0041


1000 1000 0.890000 0.400000 0.140000 0.050000
   -0.0029    0.0004   -0.0007    0.0000


    0.0507    0.0183    0.0627    0.0040


1000 1000 0.900000 0.400000 0.140000 0.050000
   -0.0039   -0.0008   -0.0002   -0.0002


    0.0513    0.0184    0.0648    0.0040


1000 1000 0.910000 0.400000 0.140000 0.050000
   -0.0060   -0.0002    0.0024   -0.0002


    0.0546    0.0176    0.0670    0.0040


1000 1000 0.920000 0.400000 0.140000 0.050000
   -0.0067   -0.0002    0.0037   -0.0001


    0.0509    0.0178    0.0635    0.0042


1000 1000 0.930000 0.400000 0.140000 0.050000
   -0.0045   -0.0005    0.0024    0.0000


    0.0506    0.0178    0.0630    0.0040


1000 1000 0.940000 0.400000 0.140000 0.050000
   -0.0053   -0.0012    0.0028   -0.0002


    0.0469    0.0164    0.0578    0.0039


1000 1000 0.950000 0.400000 0.140000 0.050000
   -0.0050   -0.0011    0.0045    0.0000


    0.0431    0.0158    0.0552    0.0037


1000 1000 0.960000 0.400000 0.140000 0.050000
   -0.0048   -0.0005    0.0048   -0.0003


    0.0399    0.0159    0.0492    0.0038


1000 1000 0.970000 0.400000 0.140000 0.050000
   -0.0030   -0.0007    0.0011   -0.0003


    0.0359    0.0145    0.0421    0.0037


1000 1000 0.980000 0.400000 0.140000 0.050000
   -0.0027   -0.0014    0.0007   -0.0003


    0.0288    0.0141    0.0340    0.0038


1000 1000 0.990000 0.400000 0.140000 0.050000
    0.0001   -0.0027    0.0002   -0.0003


    0.0219    0.0115    0.0241    0.0037


1000 1000 1.000000 0.400000 0.140000 0.050000
   1.0e-03 *

   -0.5499         0   -0.1416    0.0223


    0.0137         0    0.0085    0.0034


1000 1000 0.200000 0.000000 0.140000 0.050000
   1.0e-03 *

         0    0.1802    0.2948   -0.2277


         0    0.0090    0.0079    0.0105


1000 1000 0.200000 0.010000 0.140000 0.050000
   1.0e-03 *

    0.1885   -0.1813   -0.5279   -0.4281


    0.0072    0.0089    0.0084    0.0102


1000 1000 0.200000 0.020000 0.140000 0.050000
   1.0e-03 *

    0.1333   -0.5510   -0.3716    0.1437


    0.0087    0.0086    0.0084    0.0102


1000 1000 0.200000 0.030000 0.140000 0.050000
   1.0e-04 *

    0.0913    0.7368    0.3946   -0.7937


    0.0092    0.0089    0.0084    0.0100


1000 1000 0.200000 0.040000 0.140000 0.050000
   1.0e-03 *

    0.2274   -0.0442   -0.2605   -0.1517


    0.0097    0.0089    0.0084    0.0102


1000 1000 0.200000 0.050000 0.140000 0.050000
   1.0e-03 *

    0.3102    0.2211   -0.1103   -0.0943


    0.0102    0.0096    0.0088    0.0095


1000 1000 0.200000 0.060000 0.140000 0.050000
   1.0e-03 *

    0.3466    0.4231   -0.2099    0.2354


    0.0110    0.0092    0.0084    0.0093


1000 1000 0.200000 0.070000 0.140000 0.050000
   1.0e-03 *

   -0.0938    0.6148   -0.2224    0.3877


    0.0116    0.0090    0.0091    0.0093


1000 1000 0.200000 0.080000 0.140000 0.050000
   1.0e-03 *

   -0.6706    0.1597   -0.1615   -0.3225


    0.0114    0.0088    0.0090    0.0089


1000 1000 0.200000 0.090000 0.140000 0.050000
   1.0e-03 *

   -0.0282   -0.0463   -0.1750   -0.3002


    0.0121    0.0095    0.0089    0.0089


1000 1000 0.200000 0.100000 0.140000 0.050000
   1.0e-03 *

    0.1558   -0.0607   -0.4631   -0.0952


    0.0123    0.0095    0.0091    0.0089


1000 1000 0.200000 0.110000 0.140000 0.050000
   1.0e-03 *

    0.3943    0.0673    0.1051   -0.3243


    0.0133    0.0094    0.0091    0.0091


1000 1000 0.200000 0.120000 0.140000 0.050000
   1.0e-03 *

    0.3814   -0.0857    0.1421    0.1373


    0.0138    0.0094    0.0090    0.0087


1000 1000 0.200000 0.130000 0.140000 0.050000
   1.0e-03 *

    0.4979    0.1882   -0.2033    0.1954


    0.0141    0.0093    0.0093    0.0087


1000 1000 0.200000 0.140000 0.140000 0.050000
   1.0e-03 *

    0.3038    0.2129    0.0692    0.0443


    0.0140    0.0097    0.0095    0.0086


1000 1000 0.200000 0.150000 0.140000 0.050000
   1.0e-03 *

    0.0839    0.1411    0.1701   -0.1488


    0.0146    0.0096    0.0095    0.0083


1000 1000 0.200000 0.160000 0.140000 0.050000
   1.0e-03 *

    0.5112    0.3745    0.0630    0.1214


    0.0149    0.0094    0.0094    0.0082


1000 1000 0.200000 0.170000 0.140000 0.050000
   1.0e-03 *

    0.2840    0.0257   -0.0499    0.0840


    0.0146    0.0096    0.0094    0.0080


1000 1000 0.200000 0.180000 0.140000 0.050000
   1.0e-03 *

   -0.2310   -0.0783    0.1920   -0.3998


    0.0156    0.0097    0.0096    0.0080


1000 1000 0.200000 0.190000 0.140000 0.050000
   1.0e-03 *

   -0.5838   -0.2989    0.2933    0.3652


    0.0152    0.0098    0.0097    0.0081


1000 1000 0.200000 0.200000 0.140000 0.050000
   1.0e-03 *

    0.2856   -0.0424    0.0150   -0.1524


    0.0159    0.0094    0.0097    0.0075


1000 1000 0.200000 0.210000 0.140000 0.050000
   1.0e-03 *

   -0.0938   -0.1782    0.2977   -0.2638


    0.0157    0.0095    0.0095    0.0076


1000 1000 0.200000 0.220000 0.140000 0.050000
   1.0e-03 *

   -0.1187    0.4534   -0.7762    0.3154


    0.0160    0.0099    0.0096    0.0074


1000 1000 0.200000 0.230000 0.140000 0.050000
   1.0e-03 *

    0.6528   -0.1431   -0.2984   -0.0229


    0.0159    0.0100    0.0097    0.0075


1000 1000 0.200000 0.240000 0.140000 0.050000
   1.0e-03 *

    0.2255   -0.2817   -0.0028   -0.1767


    0.0167    0.0100    0.0097    0.0075


1000 1000 0.200000 0.250000 0.140000 0.050000
   1.0e-03 *

    0.6454   -0.0093   -0.2522   -0.2122


    0.0163    0.0102    0.0096    0.0073


1000 1000 0.200000 0.260000 0.140000 0.050000
   -0.0015    0.0002   -0.0001   -0.0001


    0.0172    0.0102    0.0102    0.0072


1000 1000 0.200000 0.270000 0.140000 0.050000
   1.0e-03 *

   -0.8014    0.5647    0.1395   -0.0811


    0.0173    0.0099    0.0104    0.0071


1000 1000 0.200000 0.280000 0.140000 0.050000
   1.0e-03 *

    0.0606    0.3197   -0.7259    0.2361


    0.0172    0.0099    0.0102    0.0069


1000 1000 0.200000 0.290000 0.140000 0.050000
   1.0e-03 *

   -0.4411    0.2258   -0.1462   -0.1811


    0.0174    0.0104    0.0101    0.0070


1000 1000 0.200000 0.300000 0.140000 0.050000
   1.0e-03 *

    0.4692    0.8966   -0.7339    0.0380


    0.0168    0.0102    0.0102    0.0066


1000 1000 0.200000 0.310000 0.140000 0.050000
   1.0e-03 *

    0.5166   -0.1181   -0.8307    0.0084


    0.0172    0.0105    0.0103    0.0064


1000 1000 0.200000 0.320000 0.140000 0.050000
   1.0e-03 *

    0.4980   -0.3936   -0.0439    0.1448


    0.0182    0.0106    0.0102    0.0065


1000 1000 0.200000 0.330000 0.140000 0.050000
   1.0e-03 *

   -0.3963    0.1319    0.8824    0.0069


    0.0184    0.0104    0.0107    0.0069


1000 1000 0.200000 0.340000 0.140000 0.050000
   1.0e-03 *

    0.6387    0.1412    0.0363   -0.1443


    0.0181    0.0109    0.0105    0.0063


1000 1000 0.200000 0.350000 0.140000 0.050000
   1.0e-03 *

   -0.9569   -0.0513    0.2888   -0.0241


    0.0183    0.0104    0.0107    0.0062


1000 1000 0.200000 0.360000 0.140000 0.050000
   1.0e-03 *

   -0.2270    0.3909   -0.5463    0.1522


    0.0177    0.0109    0.0113    0.0064


1000 1000 0.200000 0.370000 0.140000 0.050000
   1.0e-03 *

   -0.3455   -0.4226    0.2845   -0.5683


    0.0188    0.0108    0.0111    0.0065


1000 1000 0.200000 0.380000 0.140000 0.050000
   -0.0004    0.0001   -0.0011    0.0004


    0.0180    0.0111    0.0110    0.0064


1000 1000 0.200000 0.390000 0.140000 0.050000
   1.0e-03 *

   -0.9019    0.1353    0.2972    0.1293


    0.0188    0.0111    0.0112    0.0061


1000 1000 0.200000 0.400000 0.140000 0.050000
   1.0e-03 *

   -0.1371    0.6430   -0.2474    0.3694


    0.0187    0.0113    0.0111    0.0059


1000 1000 0.200000 0.410000 0.140000 0.050000
   1.0e-03 *

   -0.1685    0.0747   -0.0490   -0.1146


    0.0190    0.0110    0.0114    0.0060


1000 1000 0.200000 0.420000 0.140000 0.050000
   -0.0012   -0.0001   -0.0002    0.0001


    0.0186    0.0114    0.0118    0.0060


1000 1000 0.200000 0.430000 0.140000 0.050000
   1.0e-03 *

   -0.3165    0.9012   -0.7439    0.1641


    0.0191    0.0115    0.0117    0.0059


1000 1000 0.200000 0.440000 0.140000 0.050000
   -0.0012   -0.0009    0.0009   -0.0005


    0.0190    0.0111    0.0121    0.0059


1000 1000 0.200000 0.450000 0.140000 0.050000
   1.0e-03 *

   -0.4343   -0.1368    0.4322   -0.0025


    0.0188    0.0115    0.0118    0.0056


1000 1000 0.200000 0.460000 0.140000 0.050000
   1.0e-03 *

   -0.7681    0.5366   -0.0184   -0.0603


    0.0186    0.0117    0.0117    0.0057


1000 1000 0.200000 0.470000 0.140000 0.050000
   1.0e-03 *

   -0.1142    0.5525   -0.4721   -0.0676


    0.0186    0.0120    0.0120    0.0056


1000 1000 0.200000 0.480000 0.140000 0.050000
   1.0e-03 *

   -0.1863    0.1953   -0.8008   -0.1428


    0.0196    0.0118    0.0120    0.0056


1000 1000 0.200000 0.490000 0.140000 0.050000
   1.0e-03 *

    0.1083   -0.0421   -0.6137    0.1832


    0.0192    0.0124    0.0125    0.0055


1000 1000 0.200000 0.500000 0.140000 0.050000
   1.0e-03 *

   -0.4574   -0.0201   -0.2502   -0.0030


    0.0189    0.0125    0.0123    0.0054


1000 1000 0.200000 0.510000 0.140000 0.050000
   1.0e-04 *

    0.4623   -0.3307    0.9614   -0.9719


    0.0187    0.0122    0.0126    0.0054


1000 1000 0.200000 0.520000 0.140000 0.050000
   1.0e-03 *

    0.7558   -0.6839    0.1298   -0.0930


    0.0184    0.0124    0.0129    0.0052


1000 1000 0.200000 0.530000 0.140000 0.050000
   1.0e-03 *

    0.4234   -0.3022   -0.0525    0.0214


    0.0183    0.0132    0.0130    0.0053


1000 1000 0.200000 0.540000 0.140000 0.050000
   1.0e-03 *

    0.3293   -0.2407    0.0436   -0.1176


    0.0186    0.0125    0.0132    0.0053


1000 1000 0.200000 0.550000 0.140000 0.050000
   1.0e-03 *

   -0.4878    0.4270    0.1319   -0.0537


    0.0186    0.0131    0.0129    0.0050


1000 1000 0.200000 0.560000 0.140000 0.050000
   1.0e-03 *

   -0.3512    0.4028    0.5182   -0.0835


    0.0191    0.0136    0.0133    0.0050


1000 1000 0.200000 0.570000 0.140000 0.050000
    0.0010    0.0004    0.0000   -0.0000


    0.0192    0.0131    0.0132    0.0048


1000 1000 0.200000 0.580000 0.140000 0.050000
   1.0e-03 *

   -0.2588    0.5255   -0.0582   -0.0247


    0.0192    0.0138    0.0143    0.0050


1000 1000 0.200000 0.590000 0.140000 0.050000
   1.0e-03 *

    0.0629    0.1969   -0.0238    0.3277


    0.0180    0.0136    0.0131    0.0049


1000 1000 0.200000 0.600000 0.140000 0.050000
   1.0e-03 *

   -0.2239   -0.1415    0.0077    0.0717


    0.0189    0.0140    0.0144    0.0048


1000 1000 0.200000 0.610000 0.140000 0.050000
   1.0e-03 *

   -0.4274    0.2263    0.1059   -0.2073


    0.0176    0.0141    0.0138    0.0047


1000 1000 0.200000 0.620000 0.140000 0.050000
   1.0e-03 *

    0.9752    0.0893   -0.0196    0.1418


    0.0195    0.0145    0.0143    0.0048


1000 1000 0.200000 0.630000 0.140000 0.050000
   1.0e-03 *

   -0.6667    0.9431   -0.3484    0.2402


    0.0180    0.0147    0.0147    0.0050


1000 1000 0.200000 0.640000 0.140000 0.050000
    0.0012   -0.0000    0.0008    0.0002


    0.0184    0.0155    0.0147    0.0046


1000 1000 0.200000 0.650000 0.140000 0.050000
   -0.0011    0.0010   -0.0001   -0.0002


    0.0187    0.0152    0.0152    0.0047


1000 1000 0.200000 0.660000 0.140000 0.050000
   1.0e-03 *

   -0.1238   -0.0664    0.9062   -0.2786


    0.0180    0.0153    0.0153    0.0046


1000 1000 0.200000 0.670000 0.140000 0.050000
   -0.0010    0.0011   -0.0000    0.0001


    0.0180    0.0156    0.0152    0.0047


1000 1000 0.200000 0.680000 0.140000 0.050000
   -0.0011   -0.0000    0.0003   -0.0002


    0.0179    0.0160    0.0160    0.0044


1000 1000 0.200000 0.690000 0.140000 0.050000
   1.0e-03 *

    0.5813    0.6272   -0.9087    0.0983


    0.0175    0.0161    0.0162    0.0045


1000 1000 0.200000 0.700000 0.140000 0.050000
   1.0e-03 *

   -0.1527    0.4248   -0.4802   -0.2432


    0.0169    0.0168    0.0162    0.0044


1000 1000 0.200000 0.710000 0.140000 0.050000
   1.0e-03 *

    0.5427    0.1782   -0.4756   -0.0286


    0.0176    0.0167    0.0173    0.0045


1000 1000 0.200000 0.720000 0.140000 0.050000
   1.0e-03 *

    0.0170   -0.1103    0.0610    0.1258


    0.0177    0.0173    0.0169    0.0043


1000 1000 0.200000 0.730000 0.140000 0.050000
   1.0e-03 *

   -0.2307    0.1833   -0.1526   -0.2360


    0.0170    0.0174    0.0174    0.0043


1000 1000 0.200000 0.740000 0.140000 0.050000
   1.0e-03 *

   -0.3880    0.3851   -0.2306   -0.1991


    0.0166    0.0184    0.0178    0.0044


1000 1000 0.200000 0.750000 0.140000 0.050000
   1.0e-03 *

   -0.9196    0.9190    0.2320   -0.1837


    0.0166    0.0185    0.0180    0.0042


1000 1000 0.200000 0.760000 0.140000 0.050000
   1.0e-03 *

   -0.1433    0.7547   -0.8240   -0.0404


    0.0168    0.0187    0.0185    0.0041


1000 1000 0.200000 0.770000 0.140000 0.050000
   1.0e-03 *

   -0.0022    0.0310   -0.4827   -0.0810


    0.0158    0.0191    0.0190    0.0042


1000 1000 0.200000 0.780000 0.140000 0.050000
   -0.0008   -0.0004    0.0012   -0.0001


    0.0162    0.0198    0.0187    0.0041


1000 1000 0.200000 0.790000 0.140000 0.050000
   1.0e-03 *

   -0.3997    0.0490   -0.2907    0.1699


    0.0163    0.0196    0.0202    0.0042


1000 1000 0.200000 0.800000 0.140000 0.050000
   1.0e-03 *

   -0.4471   -0.2590    0.7791   -0.0346


    0.0157    0.0210    0.0207    0.0041


1000 1000 0.200000 0.810000 0.140000 0.050000
   -0.0008    0.0012    0.0007    0.0000


    0.0159    0.0213    0.0218    0.0040


1000 1000 0.200000 0.820000 0.140000 0.050000
   1.0e-03 *

   -0.0539   -0.6341    0.8203   -0.0540


    0.0151    0.0220    0.0212    0.0040


1000 1000 0.200000 0.830000 0.140000 0.050000
   1.0e-03 *

   -0.0602   -0.2941   -0.4973   -0.0943


    0.0153    0.0248    0.0228    0.0038


1000 1000 0.200000 0.840000 0.140000 0.050000
   1.0e-03 *

   -0.0944   -0.0171   -0.7899   -0.1489


    0.0146    0.0252    0.0232    0.0041


1000 1000 0.200000 0.850000 0.140000 0.050000
   1.0e-03 *

   -0.0833   -0.6597    0.1787   -0.0288


    0.0140    0.0250    0.0237    0.0038


1000 1000 0.200000 0.860000 0.140000 0.050000
   -0.0003   -0.0002    0.0010   -0.0002


    0.0132    0.0271    0.0257    0.0038


1000 1000 0.200000 0.870000 0.140000 0.050000
   -0.0009    0.0020    0.0019   -0.0001


    0.0133    0.0276    0.0263    0.0038


1000 1000 0.200000 0.880000 0.140000 0.050000
   -0.0008   -0.0003    0.0018   -0.0000


    0.0130    0.0298    0.0266    0.0039


1000 1000 0.200000 0.890000 0.140000 0.050000
   1.0e-03 *

   -0.1378   -0.0306    0.8657    0.1002


    0.0130    0.0316    0.0281    0.0038


1000 1000 0.200000 0.900000 0.140000 0.050000
   1.0e-03 *

   -0.1472    0.0198    0.1128   -0.1422


    0.0120    0.0328    0.0300    0.0038


1000 1000 0.200000 0.910000 0.140000 0.050000
   -0.0001    0.0007   -0.0012    0.0001


    0.0118    0.0345    0.0323    0.0037


1000 1000 0.200000 0.920000 0.140000 0.050000
    0.0000   -0.0017   -0.0015   -0.0000


    0.0112    0.0375    0.0337    0.0037


1000 1000 0.200000 0.930000 0.140000 0.050000
   -0.0006   -0.0024    0.0003   -0.0001


    0.0110    0.0388    0.0347    0.0036


1000 1000 0.200000 0.940000 0.140000 0.050000
   -0.0008    0.0018   -0.0005   -0.0002


    0.0105    0.0469    0.0413    0.0035


1000 1000 0.200000 0.950000 0.140000 0.050000
   -0.0001   -0.0014    0.0032   -0.0001


    0.0098    0.0518    0.0447    0.0034


1000 1000 0.200000 0.960000 0.140000 0.050000
   -0.0008    0.0028    0.0018   -0.0003


    0.0091    0.0588    0.0530    0.0035


1000 1000 0.200000 0.970000 0.140000 0.050000
   -0.0003   -0.0030    0.0028   -0.0001


    0.0080    0.0687    0.0609    0.0034


1000 1000 0.200000 0.980000 0.140000 0.050000
   -0.0009   -0.0023    0.0063   -0.0002


    0.0075    0.0924    0.0852    0.0034


1000 1000 0.200000 0.990000 0.140000 0.050000
   -0.0013   -0.0091    0.0090   -0.0004


    0.0069    0.1486    0.1300    0.0033


1000 1000 0.200000 1.000000 0.140000 0.050000
         0    0.3000   -0.1400   -0.0498


   1.0e-06 *

         0    0.0000    0.0000    0.6872


1000 1000 0.200000 0.400000 0.000000 0.050000
   1.0e-03 *

    0.5749   -0.3278         0   -0.0551


    0.0166    0.0096         0    0.0048


1000 1000 0.200000 0.400000 0.010000 0.050000
   1.0e-03 *

   -0.2649    0.5040    0.0508    0.2125


    0.0164    0.0100    0.0034    0.0048


1000 1000 0.200000 0.400000 0.020000 0.050000
   1.0e-03 *

    0.6680   -0.0477   -0.1677    0.3161


    0.0169    0.0099    0.0045    0.0050


1000 1000 0.200000 0.400000 0.030000 0.050000
   1.0e-04 *

    0.7732    0.8266   -0.4199   -0.8199


    0.0166    0.0102    0.0054    0.0049


1000 1000 0.200000 0.400000 0.040000 0.050000
   1.0e-03 *

   -0.4340    0.2132    0.4516   -0.1709


    0.0165    0.0104    0.0062    0.0053


1000 1000 0.200000 0.400000 0.050000 0.050000
   1.0e-03 *

    0.2812   -0.0764    0.0655   -0.1355


    0.0165    0.0108    0.0068    0.0055


1000 1000 0.200000 0.400000 0.060000 0.050000
   1.0e-03 *

    0.3704   -0.3837   -0.2774   -0.1439


    0.0178    0.0106    0.0075    0.0052


1000 1000 0.200000 0.400000 0.070000 0.050000
   1.0e-03 *

    0.5028    0.1431    0.0118    0.1152


    0.0173    0.0105    0.0080    0.0054


1000 1000 0.200000 0.400000 0.080000 0.050000
   1.0e-03 *

   -0.3317   -0.1641    0.0540    0.0477


    0.0171    0.0107    0.0086    0.0055


1000 1000 0.200000 0.400000 0.090000 0.050000
   1.0e-03 *

    0.3027    0.3007   -0.0154    0.3881


    0.0176    0.0106    0.0090    0.0055


1000 1000 0.200000 0.400000 0.100000 0.050000
   1.0e-03 *

   -0.0351    0.3701    0.3955   -0.0580


    0.0183    0.0106    0.0093    0.0055


1000 1000 0.200000 0.400000 0.110000 0.050000
   1.0e-03 *

   -0.1349   -0.3463    0.1897   -0.0956


    0.0172    0.0108    0.0099    0.0058


1000 1000 0.200000 0.400000 0.120000 0.050000
   1.0e-03 *

   -0.8376    0.2070   -0.1899    0.2500


    0.0180    0.0110    0.0099    0.0060


1000 1000 0.200000 0.400000 0.130000 0.050000
   1.0e-03 *

    0.1583    0.2819    0.1210   -0.2873


    0.0176    0.0111    0.0109    0.0058


1000 1000 0.200000 0.400000 0.140000 0.050000
   1.0e-03 *

    0.0915   -0.2532    0.6728   -0.5065


    0.0188    0.0114    0.0114    0.0059


1000 1000 0.200000 0.400000 0.150000 0.050000
   1.0e-03 *

   -0.4103    0.3647    0.0254    0.0835


    0.0188    0.0114    0.0118    0.0062


1000 1000 0.200000 0.400000 0.160000 0.050000
   1.0e-03 *

    0.7626   -0.0600    0.0133    0.0921


    0.0195    0.0116    0.0124    0.0060


1000 1000 0.200000 0.400000 0.170000 0.050000
   1.0e-03 *

    0.3881   -0.3965   -0.1312    0.2035


    0.0187    0.0112    0.0125    0.0062


1000 1000 0.200000 0.400000 0.180000 0.050000
   1.0e-03 *

    0.5252    0.5867   -0.4059    0.0448


    0.0190    0.0119    0.0129    0.0064


1000 1000 0.200000 0.400000 0.190000 0.050000
   -0.0013    0.0003   -0.0001   -0.0005


    0.0201    0.0118    0.0129    0.0065


1000 1000 0.200000 0.400000 0.200000 0.050000
    0.0012    0.0001    0.0004   -0.0002


    0.0203    0.0123    0.0134    0.0065


1000 1000 0.200000 0.400000 0.210000 0.050000
   -0.0006    0.0012   -0.0004   -0.0002


    0.0205    0.0123    0.0140    0.0066


1000 1000 0.200000 0.400000 0.220000 0.050000
   1.0e-03 *

    0.0463    0.2911   -0.2638   -0.1467


    0.0209    0.0122    0.0147    0.0068


1000 1000 0.200000 0.400000 0.230000 0.050000
   -0.0013   -0.0002   -0.0002   -0.0000


    0.0210    0.0124    0.0148    0.0065


1000 1000 0.200000 0.400000 0.240000 0.050000
   -0.0018    0.0000   -0.0000   -0.0000


    0.0211    0.0122    0.0157    0.0070


1000 1000 0.200000 0.400000 0.250000 0.050000
   1.0e-03 *

    0.2228    0.2667   -0.3476    0.0008


    0.0220    0.0131    0.0158    0.0067


1000 1000 0.200000 0.400000 0.260000 0.050000
   -0.0005   -0.0010    0.0005   -0.0003


    0.0221    0.0133    0.0155    0.0072


1000 1000 0.200000 0.400000 0.270000 0.050000
   1.0e-03 *

   -0.8774   -0.2719    0.0964   -0.2873


    0.0222    0.0131    0.0161    0.0072


1000 1000 0.200000 0.400000 0.280000 0.050000
   1.0e-03 *

    0.8130   -0.6272   -0.1510   -0.3785


    0.0227    0.0129    0.0164    0.0072


1000 1000 0.200000 0.400000 0.290000 0.050000
   1.0e-03 *

   -0.0255   -0.0443   -0.5780    0.0254


    0.0234    0.0129    0.0170    0.0076


1000 1000 0.200000 0.400000 0.300000 0.050000
   1.0e-03 *

   -0.1976   -0.3370    0.7087   -0.4035


    0.0236    0.0127    0.0177    0.0075


1000 1000 0.200000 0.400000 0.310000 0.050000
   1.0e-03 *

    0.8547   -0.7446    0.1648   -0.0209


    0.0242    0.0136    0.0171    0.0074


1000 1000 0.200000 0.400000 0.320000 0.050000
   -0.0011   -0.0001    0.0001   -0.0006


    0.0252    0.0140    0.0185    0.0078


1000 1000 0.200000 0.400000 0.330000 0.050000
   1.0e-03 *

   -0.4443    0.1293    0.4057   -0.0063


    0.0244    0.0144    0.0183    0.0079


1000 1000 0.200000 0.400000 0.340000 0.050000
   1.0e-03 *

   -0.6341   -0.0205    0.2488   -0.6064


    0.0252    0.0146    0.0182    0.0076


1000 1000 0.200000 0.400000 0.350000 0.050000
   -0.0020    0.0003    0.0006   -0.0002


    0.0265    0.0146    0.0183    0.0080


1000 1000 0.200000 0.400000 0.360000 0.050000
   -0.0009   -0.0007    0.0013   -0.0002


    0.0259    0.0150    0.0187    0.0083


1000 1000 0.200000 0.400000 0.370000 0.050000
   -0.0012    0.0003   -0.0004   -0.0004


    0.0287    0.0151    0.0205    0.0085


1000 1000 0.200000 0.400000 0.380000 0.050000
   -0.0003    0.0001   -0.0014    0.0001


    0.0285    0.0155    0.0195    0.0085


1000 1000 0.200000 0.400000 0.390000 0.050000
    0.0012    0.0004   -0.0007   -0.0001


    0.0285    0.0153    0.0204    0.0086


1000 1000 0.200000 0.400000 0.400000 0.050000
   1.0e-03 *

    0.0198    0.3669   -0.4879    0.0683


    0.0305    0.0157    0.0214    0.0091


1000 1000 0.200000 0.400000 0.410000 0.050000
   -0.0020   -0.0001    0.0000   -0.0004


    0.0305    0.0161    0.0210    0.0088


1000 1000 0.200000 0.400000 0.420000 0.050000
   1.0e-03 *

    0.0629   -0.8319   -0.7357   -0.1985


    0.0314    0.0166    0.0219    0.0092


1000 1000 0.200000 0.400000 0.430000 0.050000
   1.0e-03 *

   -0.7501    0.1316    0.3127   -0.4782


    0.0330    0.0177    0.0230    0.0096


1000 1000 0.200000 0.400000 0.440000 0.050000
   1.0e-03 *

   -0.7312   -0.1772   -0.2054   -0.0351


    0.0336    0.0170    0.0233    0.0098


1000 1000 0.200000 0.400000 0.450000 0.050000
   1.0e-03 *

   -0.1208    0.1874   -0.8750    0.2365


    0.0346    0.0187    0.0234    0.0101


1000 1000 0.200000 0.400000 0.460000 0.050000
   -0.0007   -0.0012   -0.0003   -0.0005


    0.0353    0.0178    0.0229    0.0100


1000 1000 0.200000 0.400000 0.470000 0.050000
   -0.0011   -0.0002    0.0001   -0.0002


    0.0373    0.0189    0.0243    0.0105


1000 1000 0.200000 0.400000 0.480000 0.050000
   1.0e-03 *

    0.2374    0.9244   -0.7448   -0.1844


    0.0389    0.0190    0.0245    0.0104


1000 1000 0.200000 0.400000 0.490000 0.050000
    0.0012    0.0005   -0.0020   -0.0005


    0.0391    0.0198    0.0251    0.0107


1000 1000 0.200000 0.400000 0.500000 0.050000
   1.0e-03 *

   -0.1943   -0.3986   -0.4019   -0.2184


    0.0430    0.0195    0.0254    0.0115


1000 1000 0.200000 0.400000 0.510000 0.050000
   -0.0023    0.0004    0.0001   -0.0004


    0.0425    0.0198    0.0257    0.0118


1000 1000 0.200000 0.400000 0.520000 0.050000
   -0.0017   -0.0004   -0.0005   -0.0008


    0.0444    0.0207    0.0269    0.0114


1000 1000 0.200000 0.400000 0.530000 0.050000
   -0.0020    0.0007   -0.0009   -0.0007


    0.0470    0.0218    0.0266    0.0119


1000 1000 0.200000 0.400000 0.540000 0.050000
    0.0014    0.0003   -0.0017   -0.0001


    0.0479    0.0225    0.0269    0.0119


1000 1000 0.200000 0.400000 0.550000 0.050000
   1.0e-03 *

    0.4635   -0.7780   -0.5428   -0.5595


    0.0493    0.0224    0.0273    0.0124


1000 1000 0.200000 0.400000 0.560000 0.050000
    0.0013    0.0002   -0.0013   -0.0003


    0.0520    0.0239    0.0291    0.0124


1000 1000 0.200000 0.400000 0.570000 0.050000
   -0.0015   -0.0007   -0.0002   -0.0008


    0.0545    0.0255    0.0293    0.0128


1000 1000 0.200000 0.400000 0.580000 0.050000
    0.0011    0.0004   -0.0017   -0.0001


    0.0569    0.0266    0.0305    0.0132


1000 1000 0.200000 0.400000 0.590000 0.050000
   -0.0009    0.0006   -0.0010   -0.0004


    0.0577    0.0264    0.0288    0.0133


1000 1000 0.200000 0.400000 0.600000 0.050000
   -0.0013   -0.0001   -0.0003   -0.0007


    0.0589    0.0264    0.0289    0.0133


1000 1000 0.200000 0.400000 0.610000 0.050000
    0.0012    0.0008   -0.0019   -0.0003


    0.0624    0.0284    0.0301    0.0138


1000 1000 0.200000 0.400000 0.620000 0.050000
   -0.0006   -0.0003   -0.0017   -0.0006


    0.0631    0.0284    0.0302    0.0136


1000 1000 0.200000 0.400000 0.630000 0.050000
    0.0018    0.0013   -0.0032   -0.0003


    0.0637    0.0291    0.0292    0.0135


1000 1000 0.200000 0.400000 0.640000 0.050000
    0.0027    0.0010   -0.0036    0.0001


    0.0678    0.0304    0.0302    0.0137


1000 1000 0.200000 0.400000 0.650000 0.050000
   -0.0007    0.0006   -0.0020   -0.0008


    0.0685    0.0314    0.0302    0.0133


1000 1000 0.200000 0.400000 0.660000 0.050000
   -0.0004    0.0007   -0.0022   -0.0011


    0.0721    0.0330    0.0305    0.0146


1000 1000 0.200000 0.400000 0.670000 0.050000
    0.0048    0.0021   -0.0040   -0.0001


    0.0729    0.0348    0.0308    0.0136


1000 1000 0.200000 0.400000 0.680000 0.050000
    0.0032    0.0022   -0.0030    0.0001


    0.0720    0.0343    0.0285    0.0133


1000 1000 0.200000 0.400000 0.690000 0.050000
    0.0027    0.0018   -0.0035   -0.0004


    0.0730    0.0350    0.0286    0.0132


1000 1000 0.200000 0.400000 0.700000 0.050000
   -0.0000    0.0034   -0.0029   -0.0005


    0.0722    0.0353    0.0267    0.0124


1000 1000 0.200000 0.400000 0.710000 0.050000
    0.0036    0.0027   -0.0033    0.0001


    0.0760    0.0370    0.0273    0.0126


1000 1000 0.200000 0.400000 0.720000 0.050000
    0.0038    0.0039   -0.0030    0.0002


    0.0749    0.0393    0.0278    0.0125


1000 1000 0.200000 0.400000 0.730000 0.050000
   -0.0005    0.0019   -0.0014   -0.0006


    0.0721    0.0377    0.0240    0.0121


1000 1000 0.200000 0.400000 0.740000 0.050000
   -0.0011    0.0016   -0.0010   -0.0005


    0.0728    0.0399    0.0243    0.0115


1000 1000 0.200000 0.400000 0.750000 0.050000
    0.0009    0.0014   -0.0017   -0.0000


    0.0724    0.0410    0.0224    0.0112


1000 1000 0.200000 0.400000 0.760000 0.050000
   -0.0012    0.0025   -0.0023   -0.0004


    0.0712    0.0406    0.0222    0.0111


1000 1000 0.200000 0.400000 0.770000 0.050000
   -0.0006    0.0028   -0.0018    0.0001


    0.0712    0.0440    0.0217    0.0106


1000 1000 0.200000 0.400000 0.780000 0.050000
   -0.0013    0.0040    0.0002    0.0006


    0.0672    0.0463    0.0191    0.0101


1000 1000 0.200000 0.400000 0.790000 0.050000
   -0.0008    0.0033   -0.0013   -0.0002


    0.0672    0.0447    0.0187    0.0099


1000 1000 0.200000 0.400000 0.800000 0.050000
   -0.0005    0.0065   -0.0004    0.0009


    0.0663    0.0482    0.0182    0.0096


1000 1000 0.200000 0.400000 0.810000 0.050000
   -0.0005    0.0042   -0.0002    0.0006


    0.0614    0.0493    0.0168    0.0098


1000 1000 0.200000 0.400000 0.820000 0.050000
   -0.0025    0.0049   -0.0001    0.0002


    0.0620    0.0491    0.0162    0.0099


1000 1000 0.200000 0.400000 0.830000 0.050000
   -0.0037    0.0055   -0.0004    0.0003


    0.0574    0.0486    0.0162    0.0094


1000 1000 0.200000 0.400000 0.840000 0.050000
   -0.0038    0.0057   -0.0005    0.0005


    0.0582    0.0518    0.0155    0.0092


1000 1000 0.200000 0.400000 0.850000 0.050000
   -0.0005    0.0050   -0.0012    0.0003


    0.0556    0.0491    0.0154    0.0096


1000 1000 0.200000 0.400000 0.860000 0.050000
    0.0015    0.0011   -0.0007   -0.0001


    0.0524    0.0499    0.0149    0.0093


1000 1000 0.200000 0.400000 0.870000 0.050000
   -0.0042    0.0059    0.0001    0.0006


    0.0478    0.0478    0.0151    0.0094


1000 1000 0.200000 0.400000 0.880000 0.050000
   1.0e-03 *

    0.8479   -0.4647   -0.2030   -0.1086


    0.0437    0.0437    0.0155    0.0104


1000 1000 0.200000 0.400000 0.890000 0.050000
   -0.0006    0.0016   -0.0003    0.0001


    0.0392    0.0414    0.0157    0.0107


1000 1000 0.200000 0.400000 0.900000 0.050000
   -0.0015    0.0034    0.0001    0.0003


    0.0348    0.0378    0.0160    0.0106


1000 1000 0.200000 0.400000 0.910000 0.050000
   -0.0004    0.0013   -0.0001    0.0003


    0.0295    0.0319    0.0160    0.0107


1000 1000 0.200000 0.400000 0.920000 0.050000
   1.0e-03 *

    0.9232    0.2388    0.3086    0.2346


    0.0249    0.0278    0.0166    0.0113


1000 1000 0.200000 0.400000 0.930000 0.050000
   -0.0015    0.0016    0.0012    0.0011


    0.0195    0.0212    0.0161    0.0111


1000 1000 0.200000 0.400000 0.940000 0.050000
   -0.0020    0.0019    0.0005    0.0005


    0.0146    0.0155    0.0154    0.0104


1000 1000 0.200000 0.400000 0.950000 0.050000
   -0.0017    0.0012   -0.0000   -0.0002


    0.0139    0.0157    0.0153    0.0105


1000 1000 0.200000 0.400000 0.960000 0.050000
   -0.0033    0.0019   -0.0004   -0.0003


    0.0159    0.0177    0.0143    0.0103


1000 1000 0.200000 0.400000 0.970000 0.050000
   -0.0043    0.0025   -0.0014   -0.0008


    0.0195    0.0220    0.0129    0.0093


1000 1000 0.200000 0.400000 0.980000 0.050000
   -0.0061    0.0013   -0.0008   -0.0003


    0.0299    0.0317    0.0116    0.0088


1000 1000 0.200000 0.400000 0.990000 0.050000
   -0.0121    0.0004   -0.0011    0.0003


    0.0401    0.0392    0.0087    0.0086


1000 1000 0.200000 0.400000 1.000000 0.050000
   -0.0032    0.0007         0    0.0011


    0.0893    0.0520         0    0.0078


1000 1000 0.200000 0.400000 0.140000 0.000000
   1.0e-03 *

    0.4794    0.1746    0.3739         0


    0.0163    0.0104    0.0093         0


1000 1000 0.200000 0.400000 0.140000 0.010000
   1.0e-03 *

    0.5285    0.5092    0.0846    0.1014


    0.0162    0.0106    0.0101    0.0028


1000 1000 0.200000 0.400000 0.140000 0.020000
   1.0e-03 *

   -0.0119   -0.2035   -0.0566    0.0501


    0.0174    0.0105    0.0105    0.0040


1000 1000 0.200000 0.400000 0.140000 0.030000
   1.0e-03 *

    0.9998    0.0027    0.1527   -0.1047


    0.0182    0.0110    0.0109    0.0047


1000 1000 0.200000 0.400000 0.140000 0.040000
   1.0e-03 *

    0.2649    0.0613    0.0225   -0.0027


    0.0179    0.0110    0.0110    0.0055


1000 1000 0.200000 0.400000 0.140000 0.050000
   1.0e-03 *

   -0.1761   -0.3508    0.3173   -0.2923


    0.0187    0.0110    0.0112    0.0059


1000 1000 0.200000 0.400000 0.140000 0.060000
   1.0e-03 *

   -0.9335    0.7911   -0.2530   -0.4490


    0.0183    0.0113    0.0114    0.0066


1000 1000 0.200000 0.400000 0.140000 0.070000
    0.0012    0.0003   -0.0005    0.0003


    0.0188    0.0114    0.0115    0.0072


1000 1000 0.200000 0.400000 0.140000 0.080000
   1.0e-03 *

    0.7725    0.1716   -0.4657    0.2046


    0.0193    0.0116    0.0121    0.0074


1000 1000 0.200000 0.400000 0.140000 0.090000
   -0.0019    0.0003    0.0003   -0.0004


    0.0208    0.0120    0.0119    0.0080


1000 1000 0.200000 0.400000 0.140000 0.100000
    0.0011    0.0009   -0.0002    0.0002


    0.0211    0.0125    0.0124    0.0083


1000 1000 0.200000 0.400000 0.140000 0.110000
   1.0e-03 *

   -0.1173   -0.3903    0.6826   -0.3078


    0.0204    0.0125    0.0127    0.0088


1000 1000 0.200000 0.400000 0.140000 0.120000
    0.0017   -0.0001   -0.0000    0.0000


    0.0217    0.0126    0.0128    0.0093


1000 1000 0.200000 0.400000 0.140000 0.130000
   1.0e-03 *

   -0.7076    0.2552    0.0917    0.0912


    0.0225    0.0132    0.0131    0.0097


1000 1000 0.200000 0.400000 0.140000 0.140000
   1.0e-03 *

    0.1074    0.1394   -0.0121    0.2635


    0.0224    0.0133    0.0132    0.0103


1000 1000 0.200000 0.400000 0.140000 0.150000
   1.0e-03 *

    0.0600    0.1044   -0.8512    0.0272


    0.0232    0.0134    0.0138    0.0107


1000 1000 0.200000 0.400000 0.140000 0.160000
   1.0e-03 *

   -0.2426   -0.0169   -0.0279   -0.5357


    0.0231    0.0135    0.0131    0.0107


1000 1000 0.200000 0.400000 0.140000 0.170000
   1.0e-03 *

    0.5938    0.3576   -0.2683    0.3877


    0.0241    0.0140    0.0147    0.0112


1000 1000 0.200000 0.400000 0.140000 0.180000
    0.0018   -0.0002   -0.0003    0.0003


    0.0254    0.0139    0.0143    0.0117


1000 1000 0.200000 0.400000 0.140000 0.190000
    0.0015    0.0001   -0.0008   -0.0008


    0.0250    0.0145    0.0145    0.0123


1000 1000 0.200000 0.400000 0.140000 0.200000
    0.0005    0.0001   -0.0011   -0.0000


    0.0267    0.0144    0.0152    0.0125


1000 1000 0.200000 0.400000 0.140000 0.210000
   1.0e-03 *

    0.5972   -0.8541    0.1210   -0.4606


    0.0262    0.0148    0.0159    0.0123


1000 1000 0.200000 0.400000 0.140000 0.220000
    0.0010    0.0000   -0.0008    0.0004


    0.0288    0.0150    0.0159    0.0131


1000 1000 0.200000 0.400000 0.140000 0.230000
   1.0e-03 *

   -0.6963    0.7735   -0.2616   -0.0337


    0.0279    0.0161    0.0164    0.0135


1000 1000 0.200000 0.400000 0.140000 0.240000
   1.0e-03 *

    0.2395   -0.0017    0.5301   -0.3987


    0.0294    0.0156    0.0171    0.0143


1000 1000 0.200000 0.400000 0.140000 0.250000
   1.0e-03 *

   -0.5729    0.4419   -0.0691   -0.1141


    0.0302    0.0158    0.0169    0.0140


1000 1000 0.200000 0.400000 0.140000 0.260000
   1.0e-03 *

    0.9594   -0.1258   -0.1702   -0.2375


    0.0316    0.0163    0.0173    0.0146


1000 1000 0.200000 0.400000 0.140000 0.270000
    0.0016    0.0001   -0.0004    0.0004


    0.0316    0.0168    0.0175    0.0149


1000 1000 0.200000 0.400000 0.140000 0.280000
    0.0017   -0.0001   -0.0014    0.0009


    0.0336    0.0174    0.0185    0.0161


1000 1000 0.200000 0.400000 0.140000 0.290000
    0.0009    0.0002   -0.0010   -0.0000


    0.0334    0.0188    0.0192    0.0158


1000 1000 0.200000 0.400000 0.140000 0.300000
   -0.0006    0.0004   -0.0010   -0.0005


    0.0350    0.0184    0.0193    0.0163


1000 1000 0.200000 0.400000 0.140000 0.310000
   1.0e-03 *

    0.9182   -0.0819   -0.3732   -0.5642


    0.0375    0.0190    0.0201    0.0175


1000 1000 0.200000 0.400000 0.140000 0.320000
   1.0e-03 *

    0.8983    0.5825   -0.5811    0.2968


    0.0368    0.0194    0.0200    0.0165


1000 1000 0.200000 0.400000 0.140000 0.330000
   1.0e-03 *

    0.6123    0.5262   -0.4718   -0.4059


    0.0382    0.0198    0.0200    0.0176


1000 1000 0.200000 0.400000 0.140000 0.340000
   -0.0010   -0.0005    0.0004   -0.0014


    0.0412    0.0198    0.0203    0.0179


1000 1000 0.200000 0.400000 0.140000 0.350000
   -0.0011   -0.0014    0.0003   -0.0016


    0.0424    0.0213    0.0221    0.0187


1000 1000 0.200000 0.400000 0.140000 0.360000
   -0.0012    0.0006   -0.0004    0.0001


    0.0420    0.0212    0.0220    0.0187


1000 1000 0.200000 0.400000 0.140000 0.370000
   -0.0003   -0.0003   -0.0004   -0.0012


    0.0450    0.0239    0.0223    0.0192


1000 1000 0.200000 0.400000 0.140000 0.380000
    0.0011    0.0013   -0.0018    0.0001


    0.0449    0.0230    0.0229    0.0194


1000 1000 0.200000 0.400000 0.140000 0.390000
   -0.0007    0.0015   -0.0009   -0.0015


    0.0493    0.0238    0.0249    0.0209


1000 1000 0.200000 0.400000 0.140000 0.400000
   -0.0021    0.0012   -0.0002   -0.0018


    0.0489    0.0243    0.0234    0.0210


1000 1000 0.200000 0.400000 0.140000 0.410000
   -0.0011    0.0017   -0.0011   -0.0007


    0.0523    0.0256    0.0248    0.0201


1000 1000 0.200000 0.400000 0.140000 0.420000
    0.0048    0.0009   -0.0031    0.0006


    0.0534    0.0267    0.0251    0.0212


1000 1000 0.200000 0.400000 0.140000 0.430000
   -0.0003   -0.0016   -0.0008   -0.0018


    0.0562    0.0263    0.0256    0.0218


1000 1000 0.200000 0.400000 0.140000 0.440000
   -0.0006   -0.0004   -0.0009   -0.0016


    0.0582    0.0278    0.0271    0.0227


1000 1000 0.200000 0.400000 0.140000 0.450000
    0.0012    0.0025   -0.0023    0.0001


    0.0601    0.0297    0.0268    0.0225


1000 1000 0.200000 0.400000 0.140000 0.460000
   -0.0023   -0.0003    0.0001   -0.0016


    0.0628    0.0300    0.0276    0.0229


1000 1000 0.200000 0.400000 0.140000 0.470000
   -0.0027   -0.0004   -0.0002   -0.0023


    0.0645    0.0308    0.0274    0.0236


1000 1000 0.200000 0.400000 0.140000 0.480000
   -0.0019    0.0005   -0.0009   -0.0022


    0.0676    0.0319    0.0285    0.0230


1000 1000 0.200000 0.400000 0.140000 0.490000
   -0.0001    0.0017   -0.0020   -0.0012


    0.0680    0.0330    0.0279    0.0226


1000 1000 0.200000 0.400000 0.140000 0.500000
   -0.0029   -0.0001   -0.0002   -0.0025


    0.0696    0.0332    0.0275    0.0232


1000 1000 0.200000 0.400000 0.140000 0.510000
    0.0013    0.0017   -0.0024   -0.0009


    0.0711    0.0343    0.0285    0.0231


1000 1000 0.200000 0.400000 0.140000 0.520000
   -0.0025    0.0007   -0.0012   -0.0018


    0.0717    0.0342    0.0274    0.0226


1000 1000 0.200000 0.400000 0.140000 0.530000
    0.0009   -0.0009   -0.0016   -0.0023


    0.0722    0.0361    0.0274    0.0227


1000 1000 0.200000 0.400000 0.140000 0.540000
    0.0006    0.0020   -0.0025   -0.0015


    0.0716    0.0366    0.0261    0.0222


1000 1000 0.200000 0.400000 0.140000 0.550000
   -0.0024    0.0011   -0.0016   -0.0022


    0.0747    0.0374    0.0270    0.0223


1000 1000 0.200000 0.400000 0.140000 0.560000
   -0.0005    0.0032   -0.0020   -0.0006


    0.0733    0.0383    0.0260    0.0219


1000 1000 0.200000 0.400000 0.140000 0.570000
   -0.0025    0.0007   -0.0012   -0.0019


    0.0774    0.0397    0.0270    0.0217


1000 1000 0.200000 0.400000 0.140000 0.580000
    0.0005    0.0009   -0.0025   -0.0014


    0.0736    0.0387    0.0252    0.0206


1000 1000 0.200000 0.400000 0.140000 0.590000
    0.0023    0.0021   -0.0022   -0.0001


    0.0733    0.0403    0.0245    0.0199


1000 1000 0.200000 0.400000 0.140000 0.600000
   -0.0033    0.0020   -0.0007   -0.0008


    0.0720    0.0420    0.0238    0.0206


1000 1000 0.200000 0.400000 0.140000 0.610000
   -0.0051    0.0031    0.0008   -0.0015


    0.0702    0.0433    0.0223    0.0194


1000 1000 0.200000 0.400000 0.140000 0.620000
   -0.0072    0.0040    0.0005   -0.0012


    0.0674    0.0460    0.0211    0.0184


1000 1000 0.200000 0.400000 0.140000 0.630000
   -0.0004    0.0055   -0.0014   -0.0000


    0.0688    0.0460    0.0224    0.0178


1000 1000 0.200000 0.400000 0.140000 0.640000
   -0.0043    0.0024   -0.0001   -0.0010


    0.0644    0.0440    0.0204    0.0179


1000 1000 0.200000 0.400000 0.140000 0.650000
   -0.0006    0.0026   -0.0004   -0.0001


    0.0662    0.0472    0.0200    0.0169


1000 1000 0.200000 0.400000 0.140000 0.660000
   -0.0065    0.0035    0.0002   -0.0005


    0.0644    0.0486    0.0194    0.0169


1000 1000 0.200000 0.400000 0.140000 0.670000
   -0.0039    0.0044    0.0006    0.0001


    0.0622    0.0493    0.0190    0.0162


1000 1000 0.200000 0.400000 0.140000 0.680000
   -0.0057    0.0050    0.0002    0.0000


    0.0613    0.0502    0.0192    0.0162


1000 1000 0.200000 0.400000 0.140000 0.690000
   -0.0041    0.0057   -0.0002    0.0004


    0.0578    0.0484    0.0185    0.0158


1000 1000 0.200000 0.400000 0.140000 0.700000
   -0.0025    0.0047    0.0001    0.0009


    0.0575    0.0517    0.0194    0.0155


1000 1000 0.200000 0.400000 0.140000 0.710000
   -0.0029    0.0046    0.0003    0.0004


    0.0564    0.0521    0.0198    0.0156


1000 1000 0.200000 0.400000 0.140000 0.720000
   -0.0046    0.0047    0.0000   -0.0003


    0.0532    0.0480    0.0196    0.0153


1000 1000 0.200000 0.400000 0.140000 0.730000
   -0.0050    0.0061    0.0006    0.0007


    0.0510    0.0500    0.0198    0.0159


1000 1000 0.200000 0.400000 0.140000 0.740000
   -0.0067    0.0064    0.0008    0.0002


    0.0475    0.0472    0.0196    0.0158


1000 1000 0.200000 0.400000 0.140000 0.750000
   -0.0016    0.0020    0.0005    0.0000


    0.0463    0.0479    0.0203    0.0160


1000 1000 0.200000 0.400000 0.140000 0.760000
   -0.0008    0.0020   -0.0002   -0.0003


    0.0428    0.0444    0.0216    0.0163


1000 1000 0.200000 0.400000 0.140000 0.770000
   -0.0035    0.0029    0.0001   -0.0004


    0.0430    0.0444    0.0216    0.0166


1000 1000 0.200000 0.400000 0.140000 0.780000
   -0.0037    0.0025    0.0003    0.0002


    0.0372    0.0398    0.0227    0.0174


1000 1000 0.200000 0.400000 0.140000 0.790000
   -0.0037    0.0026   -0.0003   -0.0006


    0.0337    0.0370    0.0232    0.0169


1000 1000 0.200000 0.400000 0.140000 0.800000
   -0.0036    0.0031    0.0014    0.0007


    0.0310    0.0325    0.0247    0.0179


1000 1000 0.200000 0.400000 0.140000 0.810000
   -0.0030    0.0018    0.0012    0.0007


    0.0262    0.0286    0.0241    0.0177


1000 1000 0.200000 0.400000 0.140000 0.820000
   -0.0010   -0.0002    0.0013    0.0009


    0.0231    0.0248    0.0253    0.0183


1000 1000 0.200000 0.400000 0.140000 0.830000
   -0.0037    0.0028    0.0002    0.0004


    0.0191    0.0216    0.0240    0.0168


1000 1000 0.200000 0.400000 0.140000 0.840000
   -0.0028    0.0022    0.0007    0.0009


    0.0165    0.0184    0.0252    0.0175


1000 1000 0.200000 0.400000 0.140000 0.850000
   -0.0034    0.0027    0.0007    0.0002


    0.0148    0.0170    0.0236    0.0170


1000 1000 0.200000 0.400000 0.140000 0.860000
   -0.0012    0.0006   -0.0007   -0.0006


    0.0151    0.0169    0.0247    0.0171


1000 1000 0.200000 0.400000 0.140000 0.870000
   -0.0016    0.0011   -0.0017   -0.0009


    0.0144    0.0162    0.0237    0.0169


1000 1000 0.200000 0.400000 0.140000 0.880000
   -0.0017    0.0019   -0.0003   -0.0003


    0.0155    0.0168    0.0224    0.0152


1000 1000 0.200000 0.400000 0.140000 0.890000
   -0.0027    0.0028    0.0003    0.0005


    0.0205    0.0225    0.0220    0.0153


1000 1000 0.200000 0.400000 0.140000 0.900000
   -0.0014    0.0025   -0.0008   -0.0006


    0.0245    0.0266    0.0221    0.0150


1000 1000 0.200000 0.400000 0.140000 0.910000
   -0.0006    0.0017   -0.0006   -0.0008


    0.0299    0.0316    0.0206    0.0140


1000 1000 0.200000 0.400000 0.140000 0.920000
   -0.0007    0.0022    0.0004   -0.0001


    0.0358    0.0385    0.0191    0.0126


1000 1000 0.200000 0.400000 0.140000 0.930000
   -0.0017    0.0029    0.0008   -0.0000


    0.0411    0.0441    0.0181    0.0118


1000 1000 0.200000 0.400000 0.140000 0.940000
   -0.0018    0.0035    0.0007   -0.0002


    0.0467    0.0461    0.0165    0.0106


1000 1000 0.200000 0.400000 0.140000 0.950000
   -0.0017    0.0037    0.0003   -0.0000


    0.0503    0.0502    0.0145    0.0097


1000 1000 0.200000 0.400000 0.140000 0.960000
   -0.0000    0.0051    0.0005   -0.0007


    0.0544    0.0495    0.0152    0.0088


1000 1000 0.200000 0.400000 0.140000 0.970000
   -0.0019    0.0051    0.0008   -0.0003


    0.0609    0.0504    0.0140    0.0078


1000 1000 0.200000 0.400000 0.140000 0.980000
    0.0005    0.0056    0.0022   -0.0001


    0.0595    0.0450    0.0143    0.0069


1000 1000 0.200000 0.400000 0.140000 0.990000
    0.0012    0.0059    0.0014   -0.0008


    0.0628    0.0418    0.0153    0.0057


1000 1000 0.200000 0.400000 0.140000 1.000000
   -0.0086    0.0006    0.0004         0


    0.0695    0.0323    0.0174         0


